Webots Project File version R2023b
perspectives: 000000ff00000000fd0000000300000000000001ca0000039ffc0200000001fb00000012005300630065006e0065005400720065006501000000000000039f00000000000000000000000100000077000003b6fc0200000001fb0000001400540065007800740045006400690074006f0072010000001a000003b60000004200ffffff000000030000078000000217fc0100000002fb0000000e0043006f006e0073006f006c006501000001d0000005b00000000000000000fc00000000000007800000000000fffffffa000000010100000002fb0000001a0043006f006e0073006f006c00650041006c006c0041006c006c0300000002000001ef0000077e00000217fb0000001a0043006f006e0073006f006c00650041006c006c0041006c006c03000000000000033c00000780000000b100000707000003b600000004000000040000000100000008fc00000000
simulationViewPerspectives: 000000ff000000010000000200000159000005ac0100000002010000000101
sceneTreePerspectives: 000000ff0000000100000003000000220000023c000000fa0100000002010000000201
minimizedPerspectives: 000000ff00000000fd0000000300000000000001ca0000039ffc0200000001fb00000012005300630065006e0065005400720065006501000000000000039f000000000000000000000001000000770000032bfc0200000001fb0000001400540065007800740045006400690074006f0072010000001a0000032b0000004200ffffff000000030000078000000089fc0100000002fb0000000e0043006f006e0073006f006c006501000001d0000005b00000000000000000fc00000000000007800000006900fffffffa000000000100000002fb0000001a0043006f006e0073006f006c00650041006c006c0041006c006c0100000000ffffffff0000006900fffffffb0000001a0043006f006e0073006f006c00650041006c006c0041006c006c03000000000000033c00000780000000b1000007070000032b00000004000000040000000100000008fc00000000
maximizedDockId: -1
centralWidgetVisible: 1
orthographicViewHeight: 1
textFiles: -1
consoles: Console:All:All
renderingDevicePerspectives: Drone1:camera;1;0.0987654;0;0
renderingDevicePerspectives: Drone2:camera;1;0.0987654;0;0
renderingDevicePerspectives: Drone3:camera;1;0.0987654;0;0
